מחזור43
תאריך83
מסלול 163
מסלול 263
מסלול 363
מסלול 463
מסלול 563
מסלול 663
מסלול 763
מסלול 863
מסלול 963
מסלול 1063
מסלול 1163
מסלול 1263130.05.16123456789101112
207.06.16452681091117312
314.06.16391104116728512
421.06.16318529410611712
527.07.16811794263511012
628.08.16610111835947212
705.09.16123456789101112;;;;;;;;;;;;;;
;;;;;;;;;;;;;;
;;;;;;;;;;;;;;
;;;;;;;;;;;;;;
;;;;;;;;;;;;;;
;;;;;;;;;;;;;;
;;;;;;;;;;;;;;11111111111111

