פרגמין גולן| 4|150|160|170
פרלמן סמיון| 4|180|190|200
דיין איציק| 4|210|220|230
Lampel 1| 5|150|160|170
Lampel 2| 5|180|190|200
Lampel 3| 5|210|220|230
ון קופם| 2|150|150|150
אריה סיגנר| 2|150|150|150
דוטרקי| 2|150|150|150
Lampel 4| 6|150|150|150
Lampel 5| 6|150|150|105
Lampel 6| 6|150|150|150
Lampel 10| 8|150|150|210
Lampel 11| 8|150|150|150
Lampel 12| 8|150|150|150
Lampel 1| 10|150|150|150
Lampel 2| 10|150|150|150
Lampel 3| 10|150|150|150
Lampel 13| 9|150|150|150
Lampel 14| 9|150|150|150
Lampel 15| 9|150|150|150
Lampel 4| 11|150|150|150
Lampel 5| 11|150|150|150
Lampel 6| 11|150|150|150
אייל למפל| 1|150|150|150
גבי למפל| 1|150|150|150
ברנס ליאור| 1|150|150|150
Lampel 7| 7|150|150|150
Lampel 8| 7|150|150|150
Lampel 9| 7|150|150|150
דקורדובי עופר|12|||
אוריון אייל|12|||
מרלי סימו|12|||
פסח עדן|12|||
ברנס ליאור|12|||
